0    2    0    1.5                      -2   0    0    0    1    -4   0    1    2    0    1    0    0
0    2    0    -3.                      -2   0    0    0    3    -4   0    1    2    0    1    0    0
0    2    2    1.5                      -2   0    0    0    1    -4   0    1    2    0    1    0    0
0    2    2    1.5                      -2   0    0    2    1    -4   0    1    2    0    1    0    0
0    2    2    -3.                      -2   0    0    0    3    -4   0    1    2    0    1    0    0
0    2    2    1.5                      -2   0    0    0    1    -4   0    1    2    0    3    0    0
0    2    2    -1.5                     -2   0    0    2    1    -4   0    1    2    0    3    0    0
0    2    2    -3.                      -2   0    0    0    3    -4   0    1    2    0    3    0    0
0    3    0    0.375                    -3   1    0    -1   0    -6   0    1    3    1    2    -1   0
0    3    0    -0.375                   -3   1    0    1    0    -6   0    1    3    1    2    -1   0
0    3    0    -0.75                    -3   1    0    -1   2    -6   0    1    3    1    2    -1   0
0    3    0    -4.875                   -3   1    0    1    2    -6   0    1    3    1    2    -1   0
0    3    0    1.875                    -3   1    0    3    2    -6   0    1    3    1    2    -1   0
0    3    0    11.25                    -3   1    0    1    4    -6   0    1    3    1    2    -1   0
0    3    0    -3.75                    -3   1    0    3    4    -6   0    1    3    1    2    -1   0
0    3    0    -0.375                   -3   1    0    -1   0    -6   0    1    3    1    0    1    0
0    3    0    -0.375                   -3   1    0    1    0    -6   0    1    3    1    0    1    0
0    3    0    0.75                     -3   1    0    -1   2    -6   0    1    3    1    0    1    0
0    3    0    6.375                    -3   1    0    1    2    -6   0    1    3    1    0    1    0
0    3    0    1.875                    -3   1    0    3    2    -6   0    1    3    1    0    1    0
0    3    0    -11.25                   -3   1    0    1    4    -6   0    1    3    1    0    1    0
0    3    0    -3.75                    -3   1    0    3    4    -6   0    1    3    1    0    1    0
0    3    1    1.125                    -3   1    0    0    1    -6   0    1    3    0    1    -1   0
0    3    1    -1.875                   -3   1    0    2    1    -6   0    1    3    0    1    -1   0
0    3    1    -3.                      -3   1    0    0    3    -6   0    1    3    0    1    -1   0
0    3    1    11.25                    -3   1    0    2    3    -6   0    1    3    0    1    -1   0
0    3    1    -11.25                   -3   1    0    2    5    -6   0    1    3    0    1    -1   0
0    3    1    -1.875                   -3   1    0    0    1    -6   0    1    3    0    3    -1   0
0    3    1    1.875                    -3   1    0    2    1    -6   0    1    3    0    3    -1   0
0    3    1    9.                       -3   1    0    0    3    -6   0    1    3    0    3    -1   0
0    3    1    -1.875                   -3   1    0    2    3    -6   0    1    3    0    3    -1   0
0    3    1    -11.25                   -3   1    0    0    5    -6   0    1    3    0    3    -1   0
0    3    1    5.625                    -3   1    0    2    5    -6   0    1    3    0    3    -1   0
0    3    1    4.5                      -3   1    0    0    1    -6   0    1    3    0    1    1    0
0    3    1    -13.5                    -3   1    0    0    3    -6   0    1    3    0    1    1    0
0    3    1    -9.375                   -3   1    0    2    3    -6   0    1    3    0    1    1    0
0    3    1    11.25                    -3   1    0    0    5    -6   0    1    3    0    1    1    0
0    3    1    5.625                    -3   1    0    2    5    -6   0    1    3    0    1    1    0
1    3    1    -6.375                   -3   1    0    0    1    -6   0    1    3    1    1    -1   0
1    3    1    -1.875                   -3   1    0    2    1    -6   0    1    3    1    1    -1   0
1    3    1    22.5                     -3   1    0    0    3    -6   0    1    3    1    1    -1   0
1    3    1    15.                      -3   1    0    2    3    -6   0    1    3    1    1    -1   0
1    3    1    -22.5                    -3   1    0    0    5    -6   0    1    3    1    1    -1   0
1    3    1    -1.875                   -3   1    0    0    1    -6   0    1    3    1    3    -1   0
1    3    1    1.875                    -3   1    0    2    1    -6   0    1    3    1    3    -1   0
1    3    1    9.                       -3   1    0    0    3    -6   0    1    3    1    3    -1   0
1    3    1    -1.875                   -3   1    0    2    3    -6   0    1    3    1    3    -1   0
1    3    1    -11.25                   -3   1    0    0    5    -6   0    1    3    1    3    -1   0
1    3    1    5.625                    -3   1    0    2    5    -6   0    1    3    1    3    -1   0
1    3    1    4.5                      -3   1    0    0    1    -6   0    1    3    1    1    1    0
1    3    1    -13.5                    -3   1    0    0    3    -6   0    1    3    1    1    1    0
1    3    1    -9.375                   -3   1    0    2    3    -6   0    1    3    1    1    1    0
1    3    1    11.25                    -3   1    0    0    5    -6   0    1    3    1    1    1    0
1    3    1    5.625                    -3   1    0    2    5    -6   0    1    3    1    1    1    0
0    4    0    -3.75                    -4   0    0    0    1    -8   0    1    4    0    1    0    0
0    4    0    -5.625                   -4   2    0    0    1    -8   0    1    4    0    1    0    0
0    4    0    7.5                      -4   0    0    0    3    -8   0    1    4    0    1    0    0
0    4    0    26.25                    -4   0    0    2    3    -8   0    1    4    0    1    0    0
0    4    0    11.25                    -4   2    0    0    3    -8   0    1    4    0    1    0    0
0    4    0    39.375                   -4   2    0    2    3    -8   0    1    4    0    1    0    0
0    4    0    -52.5                    -4   0    0    2    5    -8   0    1    4    0    1    0    0
0    4    0    -78.75                   -4   2    0    2    5    -8   0    1    4    0    1    0    0
0    4    0    1.40625                  -4   2    0    0    1    -8   0    1    4    0    1    -2   0
0    4    0    1.40625                  -4   2    0    2    1    -8   0    1    4    0    1    -2   0
0    4    0    -2.8125                  -4   2    0    0    3    -8   0    1    4    0    1    -2   0
0    4    0    -15.9375                 -4   2    0    2    3    -8   0    1    4    0    1    -2   0
0    4    0    -6.5625                  -4   2    0    4    3    -8   0    1    4    0    1    -2   0
0    4    0    26.25                    -4   2    0    2    5    -8   0    1    4    0    1    -2   0
0    4    0    13.125                   -4   2    0    4    5    -8   0    1    4    0    1    -2   0
0    4    0    1.40625                  -4   2    0    0    1    -8   0    1    4    0    3    -2   0
0    4    0    -1.40625                 -4   2    0    2    1    -8   0    1    4    0    3    -2   0
0    4    0    -2.8125                  -4   2    0    0    3    -8   0    1    4    0    3    -2   0
0    4    0    -10.3125                 -4   2    0    2    3    -8   0    1    4    0    3    -2   0
0    4    0    6.5625                   -4   2    0    4    3    -8   0    1    4    0    3    -2   0
0    4    0    26.25                    -4   2    0    2    5    -8   0    1    4    0    3    -2   0
0    4    0    -13.125                  -4   2    0    4    5    -8   0    1    4    0    3    -2   0
0    4    1    0.9375                   -4   0    0    -1   0    -8   0    1    4    1    2    0    0
0    4    1    -0.9375                  -4   0    0    1    0    -8   0    1    4    1    2    0    0
0    4    1    1.40625                  -4   2    0    -1   0    -8   0    1    4    1    2    0    0
0    4    1    -1.40625                 -4   2    0    1    0    -8   0    1    4    1    2    0    0
0    4    1    -3.75                    -4   0    0    -1   2    -8   0    1    4    1    2    0    0
0    4    1    -21.5625                 -4   0    0    1    2    -8   0    1    4    1    2    0    0
0    4    1    6.5625                   -4   0    0    3    2    -8   0    1    4    1    2    0    0
0    4    1    -5.625                   -4   2    0    -1   2    -8   0    1    4    1    2    0    0
0    4    1    -32.34375                -4   2    0    1    2    -8   0    1    4    1    2    0    0
0    4    1    9.84375                  -4   2    0    3    2    -8   0    1    4    1    2    0    0
0    4    1    3.75                     -4   0    0    -1   4    -8   0    1    4    1    2    0    0
0    4    1    78.75                    -4   0    0    1    4    -8   0    1    4    1    2    0    0
0    4    1    13.125                   -4   0    0    3    4    -8   0    1    4    1    2    0    0
0    4    1    5.625                    -4   2    0    -1   4    -8   0    1    4    1    2    0    0
0    4    1    118.125                  -4   2    0    1    4    -8   0    1    4    1    2    0    0
0    4    1    19.6875                  -4   2    0    3    4    -8   0    1    4    1    2    0    0
0    4    1    -78.75                   -4   0    0    1    6    -8   0    1    4    1    2    0    0
0    4    1    -118.125                 -4   2    0    1    6    -8   0    1    4    1    2    0    0
0    4    1    0.703125                 -4   2    0    -1   0    -8   0    1    4    1    2    -2   0
0    4    1    -0.703125                -4   2    0    1    0    -8   0    1    4    1    2    -2   0
0    4    1    -1.40625                 -4   2    0    -1   2    -8   0    1    4    1    2    -2   0
0    4    1    -4.21875                 -4   2    0    1    2    -8   0    1    4    1    2    -2   0
0    4    1    9.84375                  -4   2    0    3    2    -8   0    1    4    1    2    -2   0
0    4    1    14.0625                  -4   2    0    1    4    -8   0    1    4    1    2    -2   0
0    4    1    -52.5                    -4   2    0    3    4    -8   0    1    4    1    2    -2   0
0    4    1    52.5                     -4   2    0    3    6    -8   0    1    4    1    2    -2   0
0    4    1    0.703125                 -4   2    0    -1   2    -8   0    1    4    1    4    -2   0
0    4    1    4.21875                  -4   2    0    1    2    -8   0    1    4    1    4    -2   0
0    4    1    -4.921875                -4   2    0    3    2    -8   0    1    4    1    4    -2   0
0    4    1    -1.40625                 -4   2    0    -1   4    -8   0    1    4    1    4    -2   0
0    4    1    -26.71875                -4   2    0    1    4    -8   0    1    4    1    4    -2   0
0    4    1    13.125                   -4   2    0    3    4    -8   0    1    4    1    4    -2   0
0    4    1    39.375                   -4   2    0    1    6    -8   0    1    4    1    4    -2   0
0    4    1    -26.25                   -4   2    0    3    6    -8   0    1    4    1    4    -2   0
0    4    1    -0.703125                -4   2    0    -1   0    -8   0    1    4    1    0    2    0
0    4    1    -0.703125                -4   2    0    1    0    -8   0    1    4    1    0    2    0
0    4    1    2.109375                 -4   2    0    -1   2    -8   0    1    4    1    0    2    0
0    4    1    19.6875                  -4   2    0    1    2    -8   0    1    4    1    0    2    0
0    4    1    4.921875                 -4   2    0    3    2    -8   0    1    4    1    0    2    0
0    4    1    -1.40625                 -4   2    0    -1   4    -8   0    1    4    1    0    2    0
0    4    1    -52.03125                -4   2    0    1    4    -8   0    1    4    1    0    2    0
0    4    1    -39.375                  -4   2    0    3    4    -8   0    1    4    1    0    2    0
0    4    1    39.375                   -4   2    0    1    6    -8   0    1    4    1    0    2    0
0    4    1    26.25                    -4   2    0    3    6    -8   0    1    4    1    0    2    0
0    6    0    6.5625                   -6   0    0    0    1    -12  0    1    6    0    1    0    0
0    6    0    32.8125                  -6   2    0    0    1    -12  0    1    6    0    1    0    0
0    6    0    12.3046875               -6   4    0    0    1    -12  0    1    6    0    1    0    0
0    6    0    -13.125                  -6   0    0    0    3    -12  0    1    6    0    1    0    0
0    6    0    -118.125                 -6   0    0    2    3    -12  0    1    6    0    1    0    0
0    6    0    -65.625                  -6   2    0    0    3    -12  0    1    6    0    1    0    0
0    6    0    -590.625                 -6   2    0    2    3    -12  0    1    6    0    1    0    0
0    6    0    -24.609375               -6   4    0    0    3    -12  0    1    6    0    1    0    0
0    6    0    -221.484375              -6   4    0    2    3    -12  0    1    6    0    1    0    0
0    6    0    236.25                   -6   0    0    2    5    -12  0    1    6    0    1    0    0
0    6    0    433.125                  -6   0    0    4    5    -12  0    1    6    0    1    0    0
0    6    0    1181.25                  -6   2    0    2    5    -12  0    1    6    0    1    0    0
0    6    0    2165.625                 -6   2    0    4    5    -12  0    1    6    0    1    0    0
0    6    0    442.96875                -6   4    0    2    5    -12  0    1    6    0    1    0    0
0    6    0    812.109375               -6   4    0    4    5    -12  0    1    6    0    1    0    0
0    6    0    -866.25                  -6   0    0    4    7    -12  0    1    6    0    1    0    0
0    6    0    -4331.25                 -6   2    0    4    7    -12  0    1    6    0    1    0    0
0    6    0    -1624.21875              -6   4    0    4    7    -12  0    1    6    0    1    0    0
0    6    0    -6.15234375              -6   4    0    2    3    -12  0    1    6    0    3    -4   0
0    6    0    -6.15234375              -6   4    0    4    3    -12  0    1    6    0    3    -4   0
0    6    0    12.3046875               -6   4    0    2    5    -12  0    1    6    0    3    -4   0
0    6    0    52.91015625              -6   4    0    4    5    -12  0    1    6    0    3    -4   0
0    6    0    27.0703125               -6   4    0    6    5    -12  0    1    6    0    3    -4   0
0    6    0    -81.2109375              -6   4    0    4    7    -12  0    1    6    0    3    -4   0
0    6    0    -54.140625               -6   4    0    6    7    -12  0    1    6    0    3    -4   0
0    6    0    -6.15234375              -6   4    0    2    3    -12  0    1    6    0    5    -4   0
0    6    0    6.15234375               -6   4    0    4    3    -12  0    1    6    0    5    -4   0
0    6    0    12.3046875               -6   4    0    2    5    -12  0    1    6    0    5    -4   0
0    6    0    28.30078125              -6   4    0    4    5    -12  0    1    6    0    5    -4   0
0    6    0    -27.0703125              -6   4    0    6    5    -12  0    1    6    0    5    -4   0
0    6    0    -81.2109375              -6   4    0    4    7    -12  0    1    6    0    5    -4   0
0    6    0    54.140625                -6   4    0    6    7    -12  0    1    6    0    5    -4   0
0    6    0    -8.203125                -6   2    0    0    1    -12  0    1    6    0    1    -2   0
0    6    0    -8.203125                -6   2    0    2    1    -12  0    1    6    0    1    -2   0
0    6    0    -4.1015625               -6   4    0    0    1    -12  0    1    6    0    1    -2   0
0    6    0    -4.1015625               -6   4    0    2    1    -12  0    1    6    0    1    -2   0
0    6    0    16.40625                 -6   2    0    0    3    -12  0    1    6    0    1    -2   0
0    6    0    213.28125                -6   2    0    2    3    -12  0    1    6    0    1    -2   0
0    6    0    98.4375                  -6   2    0    4    3    -12  0    1    6    0    1    -2   0
0    6    0    8.203125                 -6   4    0    0    3    -12  0    1    6    0    1    -2   0
0    6    0    106.640625               -6   4    0    2    3    -12  0    1    6    0    1    -2   0
0    6    0    49.21875                 -6   4    0    4    3    -12  0    1    6    0    1    -2   0
0    6    0    -393.75                  -6   2    0    2    5    -12  0    1    6    0    1    -2   0
0    6    0    -1008.984375             -6   2    0    4    5    -12  0    1    6    0    1    -2   0
0    6    0    -270.703125              -6   2    0    6    5    -12  0    1    6    0    1    -2   0
0    6    0    -196.875                 -6   4    0    2    5    -12  0    1    6    0    1    -2   0
0    6    0    -504.4921875             -6   4    0    4    5    -12  0    1    6    0    1    -2   0
0    6    0    -135.3515625             -6   4    0    6    5    -12  0    1    6    0    1    -2   0
0    6    0    1624.21875               -6   2    0    4    7    -12  0    1    6    0    1    -2   0
0    6    0    541.40625                -6   2    0    6    7    -12  0    1    6    0    1    -2   0
0    6    0    812.109375               -6   4    0    4    7    -12  0    1    6    0    1    -2   0
0    6    0    270.703125               -6   4    0    6    7    -12  0    1    6    0    1    -2   0
0    6    0    -8.203125                -6   2    0    0    1    -12  0    1    6    0    3    -2   0
0    6    0    8.203125                 -6   2    0    2    1    -12  0    1    6    0    3    -2   0
0    6    0    -4.1015625               -6   4    0    0    1    -12  0    1    6    0    3    -2   0
0    6    0    4.1015625                -6   4    0    2    1    -12  0    1    6    0    3    -2   0
0    6    0    16.40625                 -6   2    0    0    3    -12  0    1    6    0    3    -2   0
0    6    0    180.46875                -6   2    0    2    3    -12  0    1    6    0    3    -2   0
0    6    0    -98.4375                 -6   2    0    4    3    -12  0    1    6    0    3    -2   0
0    6    0    8.203125                 -6   4    0    0    3    -12  0    1    6    0    3    -2   0
0    6    0    90.234375                -6   4    0    2    3    -12  0    1    6    0    3    -2   0
0    6    0    -49.21875                -6   4    0    4    3    -12  0    1    6    0    3    -2   0
0    6    0    -393.75                  -6   2    0    2    5    -12  0    1    6    0    3    -2   0
0    6    0    -615.234375              -6   2    0    4    5    -12  0    1    6    0    3    -2   0
0    6    0    270.703125               -6   2    0    6    5    -12  0    1    6    0    3    -2   0
0    6    0    -196.875                 -6   4    0    2    5    -12  0    1    6    0    3    -2   0
0    6    0    -307.6171875             -6   4    0    4    5    -12  0    1    6    0    3    -2   0
0    6    0    135.3515625              -6   4    0    6    5    -12  0    1    6    0    3    -2   0
0    6    0    1624.21875               -6   2    0    4    7    -12  0    1    6    0    3    -2   0
0    6    0    -541.40625               -6   2    0    6    7    -12  0    1    6    0    3    -2   0
0    6    0    812.109375               -6   4    0    4    7    -12  0    1    6    0    3    -2   0
0    6    0    -270.703125              -6   4    0    6    7    -12  0    1    6    0    3    -2   0
0    7    0    10.1513671875            -7   5    0    3    4    -14  0    1    7    1    4    -5   0
0    7    0    10.1513671875            -7   5    0    5    4    -14  0    1    7    1    4    -5   0
0    7    0    -20.302734375            -7   5    0    3    6    -14  0    1    7    1    4    -5   0
0    7    0    -81.8876953125           -7   5    0    5    6    -14  0    1    7    1    4    -5   0
0    7    0    -43.9892578125           -7   5    0    7    6    -14  0    1    7    1    4    -5   0
0    7    0    123.169921875            -7   5    0    5    8    -14  0    1    7    1    4    -5   0
0    7    0    87.978515625             -7   5    0    7    8    -14  0    1    7    1    4    -5   0
0    7    0    10.1513671875            -7   5    0    3    4    -14  0    1    7    1    6    -5   0
0    7    0    -10.1513671875           -7   5    0    5    4    -14  0    1    7    1    6    -5   0
0    7    0    -20.302734375            -7   5    0    3    6    -14  0    1    7    1    6    -5   0
0    7    0    -41.2822265625           -7   5    0    5    6    -14  0    1    7    1    6    -5   0
0    7    0    43.9892578125            -7   5    0    7    6    -14  0    1    7    1    6    -5   0
0    7    0    123.169921875            -7   5    0    5    8    -14  0    1    7    1    6    -5   0
0    7    0    -87.978515625            -7   5    0    7    8    -14  0    1    7    1    6    -5   0
0    7    0    36.9140625               -7   3    0    1    2    -14  0    1    7    1    2    -3   0
0    7    0    36.9140625               -7   3    0    3    2    -14  0    1    7    1    2    -3   0
0    7    0    13.8427734375            -7   5    0    1    2    -14  0    1    7    1    2    -3   0
0    7    0    13.8427734375            -7   5    0    3    2    -14  0    1    7    1    2    -3   0
0    7    0    -73.828125               -7   3    0    1    4    -14  0    1    7    1    2    -3   0
0    7    0    -750.5859375             -7   3    0    3    4    -14  0    1    7    1    2    -3   0
0    7    0    -406.0546875             -7   3    0    5    4    -14  0    1    7    1    2    -3   0
0    7    0    -27.685546875            -7   5    0    1    4    -14  0    1    7    1    2    -3   0
0    7    0    -281.4697265625          -7   5    0    3    4    -14  0    1    7    1    2    -3   0
0    7    0    -152.2705078125          -7   5    0    5    4    -14  0    1    7    1    2    -3   0
0    7    0    1353.515625              -7   3    0    3    6    -14  0    1    7    1    2    -3   0
0    7    0    3275.5078125             -7   3    0    5    6    -14  0    1    7    1    2    -3   0
0    7    0    1055.7421875             -7   3    0    7    6    -14  0    1    7    1    2    -3   0
0    7    0    507.568359375            -7   5    0    3    6    -14  0    1    7    1    2    -3   0
0    7    0    1228.3154296875          -7   5    0    5    6    -14  0    1    7    1    2    -3   0
0    7    0    395.9033203125           -7   5    0    7    6    -14  0    1    7    1    2    -3   0
0    7    0    -4926.796875             -7   3    0    5    8    -14  0    1    7    1    2    -3   0
0    7    0    -2111.484375             -7   3    0    7    8    -14  0    1    7    1    2    -3   0
0    7    0    -1847.548828125          -7   5    0    5    8    -14  0    1    7    1    2    -3   0
0    7    0    -791.806640625           -7   5    0    7    8    -14  0    1    7    1    2    -3   0
0    7    0    36.9140625               -7   3    0    1    2    -14  0    1    7    1    4    -3   0
0    7    0    -36.9140625              -7   3    0    3    2    -14  0    1    7    1    4    -3   0
0    7    0    13.8427734375            -7   5    0    1    2    -14  0    1    7    1    4    -3   0
0    7    0    -13.8427734375           -7   5    0    3    2    -14  0    1    7    1    4    -3   0
0    7    0    -73.828125               -7   3    0    1    4    -14  0    1    7    1    4    -3   0
0    7    0    -602.9296875             -7   3    0    3    4    -14  0    1    7    1    4    -3   0
0    7    0    406.0546875              -7   3    0    5    4    -14  0    1    7    1    4    -3   0
0    7    0    -27.685546875            -7   5    0    1    4    -14  0    1    7    1    4    -3   0
0    7    0    -226.0986328125          -7   5    0    3    4    -14  0    1    7    1    4    -3   0
0    7    0    152.2705078125           -7   5    0    5    4    -14  0    1    7    1    4    -3   0
0    7    0    1353.515625              -7   3    0    3    6    -14  0    1    7    1    4    -3   0
0    7    0    1651.2890625             -7   3    0    5    6    -14  0    1    7    1    4    -3   0
0    7    0    -1055.7421875            -7   3    0    7    6    -14  0    1    7    1    4    -3   0
0    7    0    507.568359375            -7   5    0    3    6    -14  0    1    7    1    4    -3   0
0    7    0    619.2333984375           -7   5    0    5    6    -14  0    1    7    1    4    -3   0
0    7    0    -395.9033203125          -7   5    0    7    6    -14  0    1    7    1    4    -3   0
0    7    0    -4926.796875             -7   3    0    5    8    -14  0    1    7    1    4    -3   0
0    7    0    2111.484375              -7   3    0    7    8    -14  0    1    7    1    4    -3   0
0    7    0    -1847.548828125          -7   5    0    5    8    -14  0    1    7    1    4    -3   0
0    7    0    791.806640625            -7   5    0    7    8    -14  0    1    7    1    4    -3   0
0    7    0    1.640625                 -7   1    0    -1   0    -14  0    1    7    1    2    -1   0
0    7    0    -1.640625                -7   1    0    1    0    -14  0    1    7    1    2    -1   0
0    7    0    4.1015625                -7   3    0    -1   0    -14  0    1    7    1    2    -1   0
0    7    0    -4.1015625               -7   3    0    1    0    -14  0    1    7    1    2    -1   0
0    7    0    1.025390625              -7   5    0    -1   0    -14  0    1    7    1    2    -1   0
0    7    0    -1.025390625             -7   5    0    1    0    -14  0    1    7    1    2    -1   0
0    7    0    -3.28125                 -7   1    0    -1   2    -14  0    1    7    1    2    -1   0
0    7    0    -129.609375              -7   1    0    1    2    -14  0    1    7    1    2    -1   0
0    7    0    44.296875                -7   1    0    3    2    -14  0    1    7    1    2    -1   0
0    7    0    -8.203125                -7   3    0    -1   2    -14  0    1    7    1    2    -1   0
0    7    0    -324.0234375             -7   3    0    1    2    -14  0    1    7    1    2    -1   0
0    7    0    110.7421875              -7   3    0    3    2    -14  0    1    7    1    2    -1   0
0    7    0    -2.05078125              -7   5    0    -1   2    -14  0    1    7    1    2    -1   0
0    7    0    -81.005859375            -7   5    0    1    2    -14  0    1    7    1    2    -1   0
0    7    0    27.685546875             -7   5    0    3    2    -14  0    1    7    1    2    -1   0
0    7    0    265.78125                -7   1    0    1    4    -14  0    1    7    1    2    -1   0
0    7    0    1535.625                 -7   1    0    3    4    -14  0    1    7    1    2    -1   0
0    7    0    -324.84375               -7   1    0    5    4    -14  0    1    7    1    2    -1   0
0    7    0    664.453125               -7   3    0    1    4    -14  0    1    7    1    2    -1   0
0    7    0    3839.0625                -7   3    0    3    4    -14  0    1    7    1    2    -1   0
0    7    0    -812.109375              -7   3    0    5    4    -14  0    1    7    1    2    -1   0
0    7    0    166.11328125             -7   5    0    1    4    -14  0    1    7    1    2    -1   0
0    7    0    959.765625               -7   5    0    3    4    -14  0    1    7    1    2    -1   0
0    7    0    -203.02734375            -7   5    0    5    4    -14  0    1    7    1    2    -1   0
0    7    0    -3248.4375               -7   1    0    3    6    -14  0    1    7    1    2    -1   0
0    7    0    -4277.109375             -7   1    0    5    6    -14  0    1    7    1    2    -1   0
0    7    0    703.828125               -7   1    0    7    6    -14  0    1    7    1    2    -1   0
0    7    0    -8121.09375              -7   3    0    3    6    -14  0    1    7    1    2    -1   0
0    7    0    -10692.7734375           -7   3    0    5    6    -14  0    1    7    1    2    -1   0
0    7    0    1759.5703125             -7   3    0    7    6    -14  0    1    7    1    2    -1   0
0    7    0    -2030.2734375            -7   5    0    3    6    -14  0    1    7    1    2    -1   0
0    7    0    -2673.193359375          -7   5    0    5    6    -14  0    1    7    1    2    -1   0
0    7    0    439.892578125            -7   5    0    7    6    -14  0    1    7    1    2    -1   0
0    7    0    9853.59375               -7   1    0    5    8    -14  0    1    7    1    2    -1   0
0    7    0    -1407.65625              -7   1    0    7    8    -14  0    1    7    1    2    -1   0
0    7    0    24633.984375             -7   3    0    5    8    -14  0    1    7    1    2    -1   0
0    7    0    -3519.140625             -7   3    0    7    8    -14  0    1    7    1    2    -1   0
0    7    0    6158.49609375            -7   5    0    5    8    -14  0    1    7    1    2    -1   0
0    7    0    -879.78515625            -7   5    0    7    8    -14  0    1    7    1    2    -1   0
0    7    0    -1.640625                -7   1    0    -1   0    -14  0    1    7    1    0    1    0
0    7    0    -1.640625                -7   1    0    1    0    -14  0    1    7    1    0    1    0
0    7    0    -4.1015625               -7   3    0    -1   0    -14  0    1    7    1    0    1    0
0    7    0    -4.1015625               -7   3    0    1    0    -14  0    1    7    1    0    1    0
0    7    0    -1.025390625             -7   5    0    -1   0    -14  0    1    7    1    0    1    0
0    7    0    -1.025390625             -7   5    0    1    0    -14  0    1    7    1    0    1    0
0    7    0    3.28125                  -7   1    0    -1   2    -14  0    1    7    1    0    1    0
0    7    0    136.171875               -7   1    0    1    2    -14  0    1    7    1    0    1    0
0    7    0    44.296875                -7   1    0    3    2    -14  0    1    7    1    0    1    0
0    7    0    8.203125                 -7   3    0    -1   2    -14  0    1    7    1    0    1    0
0    7    0    340.4296875              -7   3    0    1    2    -14  0    1    7    1    0    1    0
0    7    0    110.7421875              -7   3    0    3    2    -14  0    1    7    1    0    1    0
0    7    0    2.05078125               -7   5    0    -1   2    -14  0    1    7    1    0    1    0
0    7    0    85.107421875             -7   5    0    1    2    -14  0    1    7    1    0    1    0
0    7    0    27.685546875             -7   5    0    3    2    -14  0    1    7    1    0    1    0
0    7    0    -265.78125               -7   1    0    1    4    -14  0    1    7    1    0    1    0
0    7    0    -1712.8125               -7   1    0    3    4    -14  0    1    7    1    0    1    0
0    7    0    -324.84375               -7   1    0    5    4    -14  0    1    7    1    0    1    0
0    7    0    -664.453125              -7   3    0    1    4    -14  0    1    7    1    0    1    0
0    7    0    -4282.03125              -7   3    0    3    4    -14  0    1    7    1    0    1    0
0    7    0    -812.109375              -7   3    0    5    4    -14  0    1    7    1    0    1    0
0    7    0    -166.11328125            -7   5    0    1    4    -14  0    1    7    1    0    1    0
0    7    0    -1070.5078125            -7   5    0    3    4    -14  0    1    7    1    0    1    0
0    7    0    -203.02734375            -7   5    0    5    4    -14  0    1    7    1    0    1    0
0    7    0    3248.4375                -7   1    0    3    6    -14  0    1    7    1    0    1    0
0    7    0    5576.484375              -7   1    0    5    6    -14  0    1    7    1    0    1    0
0    7    0    703.828125               -7   1    0    7    6    -14  0    1    7    1    0    1    0
0    7    0    8121.09375               -7   3    0    3    6    -14  0    1    7    1    0    1    0
0    7    0    13941.2109375            -7   3    0    5    6    -14  0    1    7    1    0    1    0
0    7    0    1759.5703125             -7   3    0    7    6    -14  0    1    7    1    0    1    0
0    7    0    2030.2734375             -7   5    0    3    6    -14  0    1    7    1    0    1    0
0    7    0    3485.302734375           -7   5    0    5    6    -14  0    1    7    1    0    1    0
0    7    0    439.892578125            -7   5    0    7    6    -14  0    1    7    1    0    1    0
0    7    0    -9853.59375              -7   1    0    5    8    -14  0    1    7    1    0    1    0
0    7    0    -1407.65625              -7   1    0    7    8    -14  0    1    7    1    0    1    0
0    7    0    -24633.984375            -7   3    0    5    8    -14  0    1    7    1    0    1    0
0    7    0    -3519.140625             -7   3    0    7    8    -14  0    1    7    1    0    1    0
0    7    0    -6158.49609375           -7   5    0    5    8    -14  0    1    7    1    0    1    0
0    7    0    -879.78515625            -7   5    0    7    8    -14  0    1    7    1    0    1    0
0    7    1    -20.302734375            -7   5    0    2    3    -14  0    1    7    0    3    -5   0
0    7    1    -20.302734375            -7   5    0    4    3    -14  0    1    7    0    3    -5   0
0    7    1    60.908203125             -7   5    0    2    5    -14  0    1    7    0    3    -5   0
0    7    1    239.572265625            -7   5    0    4    5    -14  0    1    7    0    3    -5   0
0    7    1    105.57421875             -7   5    0    6    5    -14  0    1    7    0    3    -5   0
0    7    1    -40.60546875             -7   5    0    2    7    -14  0    1    7    0    3    -5   0
0    7    1    -552.234375              -7   5    0    4    7    -14  0    1    7    0    3    -5   0
0    7    1    -448.6904296875          -7   5    0    6    7    -14  0    1    7    0    3    -5   0
0    7    1    369.509765625            -7   5    0    4    9    -14  0    1    7    0    3    -5   0
0    7    1    307.9248046875           -7   5    0    6    9    -14  0    1    7    0    3    -5   0
0    7    1    -20.302734375            -7   5    0    2    3    -14  0    1    7    0    5    -5   0
0    7    1    20.302734375             -7   5    0    4    3    -14  0    1    7    0    5    -5   0
0    7    1    40.60546875              -7   5    0    2    5    -14  0    1    7    0    5    -5   0
0    7    1    30.4541015625            -7   5    0    4    5    -14  0    1    7    0    5    -5   0
0    7    1    -131.9677734375          -7   5    0    6    5    -14  0    1    7    0    5    -5   0
0    7    1    -162.421875              -7   5    0    4    7    -14  0    1    7    0    5    -5   0
0    7    1    615.849609375            -7   5    0    6    7    -14  0    1    7    0    5    -5   0
0    7    1    -615.849609375           -7   5    0    6    9    -14  0    1    7    0    5    -5   0
0    7    1    -20.302734375            -7   5    0    2    5    -14  0    1    7    0    7    -5   0
0    7    1    -6.0908203125            -7   5    0    4    5    -14  0    1    7    0    7    -5   0
0    7    1    26.3935546875            -7   5    0    6    5    -14  0    1    7    0    7    -5   0
0    7    1    40.60546875              -7   5    0    2    7    -14  0    1    7    0    7    -5   0
0    7    1    186.78515625             -7   5    0    4    7    -14  0    1    7    0    7    -5   0
0    7    1    -167.1591796875          -7   5    0    6    7    -14  0    1    7    0    7    -5   0
0    7    1    -369.509765625           -7   5    0    4    9    -14  0    1    7    0    7    -5   0
0    7    1    307.9248046875           -7   5    0    6    9    -14  0    1    7    0    7    -5   0
0    7    1    -36.9140625              -7   3    0    0    1    -14  0    1    7    0    1    -3   0
0    7    1    -36.9140625              -7   3    0    2    1    -14  0    1    7    0    1    -3   0
0    7    1    -13.8427734375           -7   5    0    0    1    -14  0    1    7    0    1    -3   0
0    7    1    -13.8427734375           -7   5    0    2    1    -14  0    1    7    0    1    -3   0
0    7    1    110.7421875              -7   3    0    0    3    -14  0    1    7    0    1    -3   0
0    7    1    1267.3828125             -7   3    0    2    3    -14  0    1    7    0    1    -3   0
0    7    1    541.40625                -7   3    0    4    3    -14  0    1    7    0    1    -3   0
0    7    1    41.5283203125            -7   5    0    0    3    -14  0    1    7    0    1    -3   0
0    7    1    475.2685546875           -7   5    0    2    3    -14  0    1    7    0    1    -3   0
0    7    1    203.02734375             -7   5    0    4    3    -14  0    1    7    0    1    -3   0
0    7    1    -73.828125               -7   3    0    0    5    -14  0    1    7    0    1    -3   0
0    7    1    -3629.8828125            -7   3    0    2    5    -14  0    1    7    0    1    -3   0
0    7    1    -8256.4453125            -7   3    0    4    5    -14  0    1    7    0    1    -3   0
0    7    1    -1759.5703125            -7   3    0    6    5    -14  0    1    7    0    1    -3   0
0    7    1    -27.685546875            -7   5    0    0    5    -14  0    1    7    0    1    -3   0
0    7    1    -1361.2060546875         -7   5    0    2    5    -14  0    1    7    0    1    -3   0
0    7    1    -3096.1669921875         -7   5    0    4    5    -14  0    1    7    0    1    -3   0
0    7    1    -659.8388671875          -7   5    0    6    5    -14  0    1    7    0    1    -3   0
0    7    1    2707.03125               -7   3    0    2    7    -14  0    1    7    0    1    -3   0
0    7    1    19977.890625             -7   3    0    4    7    -14  0    1    7    0    1    -3   0
0    7    1    10205.5078125            -7   3    0    6    7    -14  0    1    7    0    1    -3   0
0    7    1    1015.13671875            -7   5    0    2    7    -14  0    1    7    0    1    -3   0
0    7    1    7491.708984375           -7   5    0    4    7    -14  0    1    7    0    1    -3   0
0    7    1    3827.0654296875          -7   5    0    6    7    -14  0    1    7    0    1    -3   0
0    7    1    -14780.390625            -7   3    0    4    9    -14  0    1    7    0    1    -3   0
0    7    1    -7390.1953125            -7   3    0    6    9    -14  0    1    7    0    1    -3   0
0    7    1    -5542.646484375          -7   5    0    4    9    -14  0    1    7    0    1    -3   0
0    7    1    -2771.3232421875         -7   5    0    6    9    -14  0    1    7    0    1    -3   0
0    7    1    -36.9140625              -7   3    0    0    1    -14  0    1    7    0    3    -3   0
0    7    1    36.9140625               -7   3    0    2    1    -14  0    1    7    0    3    -3   0
0    7    1    -13.8427734375           -7   5    0    0    1    -14  0    1    7    0    3    -3   0
0    7    1    13.8427734375            -7   5    0    2    1    -14  0    1    7    0    3    -3   0
0    7    1    73.828125                -7   3    0    0    3    -14  0    1    7    0    3    -3   0
0    7    1    590.625                  -7   3    0    2    3    -14  0    1    7    0    3    -3   0
0    7    1    -812.109375              -7   3    0    4    3    -14  0    1    7    0    3    -3   0
0    7    1    27.685546875             -7   5    0    0    3    -14  0    1    7    0    3    -3   0
0    7    1    221.484375               -7   5    0    2    3    -14  0    1    7    0    3    -3   0
0    7    1    -304.541015625           -7   5    0    4    3    -14  0    1    7    0    3    -3   0
0    7    1    -1402.734375             -7   3    0    2    5    -14  0    1    7    0    3    -3   0
0    7    1    893.3203125              -7   3    0    4    5    -14  0    1    7    0    3    -3   0
0    7    1    3167.2265625             -7   3    0    6    5    -14  0    1    7    0    3    -3   0
0    7    1    -526.025390625           -7   5    0    2    5    -14  0    1    7    0    3    -3   0
0    7    1    334.9951171875           -7   5    0    4    5    -14  0    1    7    0    3    -3   0
0    7    1    1187.7099609375          -7   5    0    6    5    -14  0    1    7    0    3    -3   0
0    7    1    2273.90625               -7   3    0    4    7    -14  0    1    7    0    3    -3   0
0    7    1    -14780.390625            -7   3    0    6    7    -14  0    1    7    0    3    -3   0
0    7    1    852.71484375             -7   5    0    4    7    -14  0    1    7    0    3    -3   0
0    7    1    -5542.646484375          -7   5    0    6    7    -14  0    1    7    0    3    -3   0
0    7    1    14780.390625             -7   3    0    6    9    -14  0    1    7    0    3    -3   0
0    7    1    5542.646484375           -7   5    0    6    9    -14  0    1    7    0    3    -3   0
0    7    1    -36.9140625              -7   3    0    0    3    -14  0    1    7    0    5    -3   0
0    7    1    -233.7890625             -7   3    0    2    3    -14  0    1    7    0    5    -3   0
0    7    1    270.703125               -7   3    0    4    3    -14  0    1    7    0    5    -3   0
0    7    1    -13.8427734375           -7   5    0    0    3    -14  0    1    7    0    5    -3   0
0    7    1    -87.6708984375           -7   5    0    2    3    -14  0    1    7    0    5    -3   0
0    7    1    101.513671875            -7   5    0    4    3    -14  0    1    7    0    5    -3   0
0    7    1    73.828125                -7   3    0    0    5    -14  0    1    7    0    5    -3   0
0    7    1    1784.1796875             -7   3    0    2    5    -14  0    1    7    0    5    -3   0
0    7    1    1028.671875              -7   3    0    4    5    -14  0    1    7    0    5    -3   0
0    7    1    -1407.65625              -7   3    0    6    5    -14  0    1    7    0    5    -3   0
0    7    1    27.685546875             -7   5    0    0    5    -14  0    1    7    0    5    -3   0
0    7    1    669.0673828125           -7   5    0    2    5    -14  0    1    7    0    5    -3   0
0    7    1    385.751953125            -7   5    0    4    5    -14  0    1    7    0    5    -3   0
0    7    1    -527.87109375            -7   5    0    6    5    -14  0    1    7    0    5    -3   0
0    7    1    -2707.03125              -7   3    0    2    7    -14  0    1    7    0    5    -3   0
0    7    1    -9582.890625             -7   3    0    4    7    -14  0    1    7    0    5    -3   0
0    7    1    4574.8828125             -7   3    0    6    7    -14  0    1    7    0    5    -3   0
0    7    1    -1015.13671875           -7   5    0    2    7    -14  0    1    7    0    5    -3   0
0    7    1    -3593.583984375          -7   5    0    4    7    -14  0    1    7    0    5    -3   0
0    7    1    1715.5810546875          -7   5    0    6    7    -14  0    1    7    0    5    -3   0
0    7    1    14780.390625             -7   3    0    4    9    -14  0    1    7    0    5    -3   0
0    7    1    -7390.1953125            -7   3    0    6    9    -14  0    1    7    0    5    -3   0
0    7    1    5542.646484375           -7   5    0    4    9    -14  0    1    7    0    5    -3   0
0    7    1    -2771.3232421875         -7   5    0    6    9    -14  0    1    7    0    5    -3   0
0    7    1    41.015625                -7   1    0    0    1    -14  0    1    7    0    1    -1   0
0    7    1    -44.296875               -7   1    0    2    1    -14  0    1    7    0    1    -1   0
0    7    1    102.5390625              -7   3    0    0    1    -14  0    1    7    0    1    -1   0
0    7    1    -110.7421875             -7   3    0    2    1    -14  0    1    7    0    1    -1   0
0    7    1    25.634765625             -7   5    0    0    1    -14  0    1    7    0    1    -1   0
0    7    1    -27.685546875            -7   5    0    2    1    -14  0    1    7    0    1    -1   0
0    7    1    -85.3125                 -7   1    0    0    3    -14  0    1    7    0    1    -1   0
0    7    1    -383.90625               -7   1    0    2    3    -14  0    1    7    0    1    -1   0
0    7    1    649.6875                 -7   1    0    4    3    -14  0    1    7    0    1    -1   0
0    7    1    -213.28125               -7   3    0    0    3    -14  0    1    7    0    1    -1   0
0    7    1    -959.765625              -7   3    0    2    3    -14  0    1    7    0    1    -1   0
0    7    1    1624.21875               -7   3    0    4    3    -14  0    1    7    0    1    -1   0
0    7    1    -53.3203125              -7   5    0    0    3    -14  0    1    7    0    1    -1   0
0    7    1    -239.94140625            -7   5    0    2    3    -14  0    1    7    0    1    -1   0
0    7    1    406.0546875              -7   5    0    4    3    -14  0    1    7    0    1    -1   0
0    7    1    1033.59375               -7   1    0    2    5    -14  0    1    7    0    1    -1   0
0    7    1    -1136.953125             -7   1    0    4    5    -14  0    1    7    0    1    -1   0
0    7    1    -2111.484375             -7   1    0    6    5    -14  0    1    7    0    1    -1   0
0    7    1    2583.984375              -7   3    0    2    5    -14  0    1    7    0    1    -1   0
0    7    1    -2842.3828125            -7   3    0    4    5    -14  0    1    7    0    1    -1   0
0    7    1    -5278.7109375            -7   3    0    6    5    -14  0    1    7    0    1    -1   0
0    7    1    645.99609375             -7   5    0    2    5    -14  0    1    7    0    1    -1   0
0    7    1    -710.595703125           -7   5    0    4    5    -14  0    1    7    0    1    -1   0
0    7    1    -1319.677734375          -7   5    0    6    5    -14  0    1    7    0    1    -1   0
0    7    1    -974.53125               -7   1    0    4    7    -14  0    1    7    0    1    -1   0
0    7    1    9853.59375               -7   1    0    6    7    -14  0    1    7    0    1    -1   0
0    7    1    -2436.328125             -7   3    0    4    7    -14  0    1    7    0    1    -1   0
0    7    1    24633.984375             -7   3    0    6    7    -14  0    1    7    0    1    -1   0
0    7    1    -609.08203125            -7   5    0    4    7    -14  0    1    7    0    1    -1   0
0    7    1    6158.49609375            -7   5    0    6    7    -14  0    1    7    0    1    -1   0
0    7    1    -9853.59375              -7   1    0    6    9    -14  0    1    7    0    1    -1   0
0    7    1    -24633.984375            -7   3    0    6    9    -14  0    1    7    0    1    -1   0
0    7    1    -6158.49609375           -7   5    0    6    9    -14  0    1    7    0    1    -1   0
0    7    1    -44.296875               -7   1    0    0    1    -14  0    1    7    0    3    -1   0
0    7    1    44.296875                -7   1    0    2    1    -14  0    1    7    0    3    -1   0
0    7    1    -110.7421875             -7   3    0    0    1    -14  0    1    7    0    3    -1   0
0    7    1    110.7421875              -7   3    0    2    1    -14  0    1    7    0    3    -1   0
0    7    1    -27.685546875            -7   5    0    0    1    -14  0    1    7    0    3    -1   0
0    7    1    27.685546875             -7   5    0    2    1    -14  0    1    7    0    3    -1   0
0    7    1    219.84375                -7   1    0    0    3    -14  0    1    7    0    3    -1   0
0    7    1    1255.078125              -7   1    0    2    3    -14  0    1    7    0    3    -1   0
0    7    1    -649.6875                -7   1    0    4    3    -14  0    1    7    0    3    -1   0
0    7    1    549.609375               -7   3    0    0    3    -14  0    1    7    0    3    -1   0
0    7    1    3137.6953125             -7   3    0    2    3    -14  0    1    7    0    3    -1   0
0    7    1    -1624.21875              -7   3    0    4    3    -14  0    1    7    0    3    -1   0
0    7    1    137.40234375             -7   5    0    0    3    -14  0    1    7    0    3    -1   0
0    7    1    784.423828125            -7   5    0    2    3    -14  0    1    7    0    3    -1   0
0    7    1    -406.0546875             -7   5    0    4    3    -14  0    1    7    0    3    -1   0
0    7    1    -265.78125               -7   1    0    0    5    -14  0    1    7    0    3    -1   0
0    7    1    -5714.296875             -7   1    0    2    5    -14  0    1    7    0    3    -1   0
0    7    1    -5684.765625             -7   1    0    4    5    -14  0    1    7    0    3    -1   0
0    7    1    2111.484375              -7   1    0    6    5    -14  0    1    7    0    3    -1   0
0    7    1    -664.453125              -7   3    0    0    5    -14  0    1    7    0    3    -1   0
0    7    1    -14285.7421875           -7   3    0    2    5    -14  0    1    7    0    3    -1   0
0    7    1    -14211.9140625           -7   3    0    4    5    -14  0    1    7    0    3    -1   0
0    7    1    5278.7109375             -7   3    0    6    5    -14  0    1    7    0    3    -1   0
0    7    1    -166.11328125            -7   5    0    0    5    -14  0    1    7    0    3    -1   0
0    7    1    -3571.435546875          -7   5    0    2    5    -14  0    1    7    0    3    -1   0
0    7    1    -3552.978515625          -7   5    0    4    5    -14  0    1    7    0    3    -1   0
0    7    1    1319.677734375           -7   5    0    6    5    -14  0    1    7    0    3    -1   0
0    7    1    6496.875                 -7   1    0    2    7    -14  0    1    7    0    3    -1   0
0    7    1    25825.078125             -7   1    0    4    7    -14  0    1    7    0    3    -1   0
0    7    1    -2111.484375             -7   1    0    6    7    -14  0    1    7    0    3    -1   0
0    7    1    16242.1875               -7   3    0    2    7    -14  0    1    7    0    3    -1   0
0    7    1    64562.6953125            -7   3    0    4    7    -14  0    1    7    0    3    -1   0
0    7    1    -5278.7109375            -7   3    0    6    7    -14  0    1    7    0    3    -1   0
0    7    1    4060.546875              -7   5    0    2    7    -14  0    1    7    0    3    -1   0
0    7    1    16140.673828125          -7   5    0    4    7    -14  0    1    7    0    3    -1   0
0    7    1    -1319.677734375          -7   5    0    6    7    -14  0    1    7    0    3    -1   0
0    7    1    -29560.78125             -7   1    0    4    9    -14  0    1    7    0    3    -1   0
0    7    1    4926.796875              -7   1    0    6    9    -14  0    1    7    0    3    -1   0
0    7    1    -73901.953125            -7   3    0    4    9    -14  0    1    7    0    3    -1   0
0    7    1    12316.9921875            -7   3    0    6    9    -14  0    1    7    0    3    -1   0
0    7    1    -18475.48828125          -7   5    0    4    9    -14  0    1    7    0    3    -1   0
0    7    1    3079.248046875           -7   5    0    6    9    -14  0    1    7    0    3    -1   0
0    7    1    91.875                   -7   1    0    0    1    -14  0    1    7    0    1    1    0
0    7    1    229.6875                 -7   3    0    0    1    -14  0    1    7    0    1    1    0
0    7    1    57.421875                -7   5    0    0    1    -14  0    1    7    0    1    1    0
0    7    1    -311.71875               -7   1    0    0    3    -14  0    1    7    0    1    1    0
0    7    1    -2170.546875             -7   1    0    2    3    -14  0    1    7    0    1    1    0
0    7    1    -779.296875              -7   3    0    0    3    -14  0    1    7    0    1    1    0
0    7    1    -5426.3671875            -7   3    0    2    3    -14  0    1    7    0    1    1    0
0    7    1    -194.82421875            -7   5    0    0    3    -14  0    1    7    0    1    1    0
0    7    1    -1356.591796875          -7   5    0    2    3    -14  0    1    7    0    1    1    0
0    7    1    265.78125                -7   1    0    0    5    -14  0    1    7    0    1    1    0
0    7    1    7279.453125              -7   1    0    2    5    -14  0    1    7    0    1    1    0
0    7    1    11044.6875               -7   1    0    4    5    -14  0    1    7    0    1    1    0
0    7    1    664.453125               -7   3    0    0    5    -14  0    1    7    0    1    1    0
0    7    1    18198.6328125            -7   3    0    2    5    -14  0    1    7    0    1    1    0
0    7    1    27611.71875              -7   3    0    4    5    -14  0    1    7    0    1    1    0
0    7    1    166.11328125             -7   5    0    0    5    -14  0    1    7    0    1    1    0
0    7    1    4549.658203125           -7   5    0    2    5    -14  0    1    7    0    1    1    0
0    7    1    6902.9296875             -7   5    0    4    5    -14  0    1    7    0    1    1    0
0    7    1    -6496.875                -7   1    0    2    7    -14  0    1    7    0    1    1    0
0    7    1    -33296.484375            -7   1    0    4    7    -14  0    1    7    0    1    1    0
0    7    1    -7742.109375             -7   1    0    6    7    -14  0    1    7    0    1    1    0
0    7    1    -16242.1875              -7   3    0    2    7    -14  0    1    7    0    1    1    0
0    7    1    -83241.2109375           -7   3    0    4    7    -14  0    1    7    0    1    1    0
0    7    1    -19355.2734375           -7   3    0    6    7    -14  0    1    7    0    1    1    0
0    7    1    -4060.546875             -7   5    0    2    7    -14  0    1    7    0    1    1    0
0    7    1    -20810.302734375         -7   5    0    4    7    -14  0    1    7    0    1    1    0
0    7    1    -4838.818359375          -7   5    0    6    7    -14  0    1    7    0    1    1    0
0    7    1    29560.78125              -7   1    0    4    9    -14  0    1    7    0    1    1    0
0    7    1    4926.796875              -7   1    0    6    9    -14  0    1    7    0    1    1    0
0    7    1    73901.953125             -7   3    0    4    9    -14  0    1    7    0    1    1    0
0    7    1    12316.9921875            -7   3    0    6    9    -14  0    1    7    0    1    1    0
0    7    1    18475.48828125           -7   5    0    4    9    -14  0    1    7    0    1    1    0
0    7    1    3079.248046875           -7   5    0    6    9    -14  0    1    7    0    1    1    0
0    8    0    -9.84375                 -8   0    0    0    1    -16  0    1    8    0    1    0    0
0    8    0    -103.359375              -8   2    0    0    1    -16  0    1    8    0    1    0    0
0    8    0    -129.19921875            -8   4    0    0    1    -16  0    1    8    0    1    0    0
0    8    0    -21.533203125            -8   6    0    0    1    -16  0    1    8    0    1    0    0
0    8    0    19.6875                  -8   0    0    0    3    -16  0    1    8    0    1    0    0
0    8    0    324.84375                -8   0    0    2    3    -16  0    1    8    0    1    0    0
0    8    0    206.71875                -8   2    0    0    3    -16  0    1    8    0    1    0    0
0    8    0    3410.859375              -8   2    0    2    3    -16  0    1    8    0    1    0    0
0    8    0    258.3984375              -8   4    0    0    3    -16  0    1    8    0    1    0    0
0    8    0    4263.57421875            -8   4    0    2    3    -16  0    1    8    0    1    0    0
0    8    0    43.06640625              -8   6    0    0    3    -16  0    1    8    0    1    0    0
0    8    0    710.595703125            -8   6    0    2    3    -16  0    1    8    0    1    0    0
0    8    0    -649.6875                -8   0    0    2    5    -16  0    1    8    0    1    0    0
0    8    0    -2815.3125               -8   0    0    4    5    -16  0    1    8    0    1    0    0
0    8    0    -6821.71875              -8   2    0    2    5    -16  0    1    8    0    1    0    0
0    8    0    -29560.78125             -8   2    0    4    5    -16  0    1    8    0    1    0    0
0    8    0    -8527.1484375            -8   4    0    2    5    -16  0    1    8    0    1    0    0
0    8    0    -36950.9765625           -8   4    0    4    5    -16  0    1    8    0    1    0    0
0    8    0    -1421.19140625           -8   6    0    2    5    -16  0    1    8    0    1    0    0
0    8    0    -6158.49609375           -8   6    0    4    5    -16  0    1    8    0    1    0    0
0    8    0    5630.625                 -8   0    0    4    7    -16  0    1    8    0    1    0    0
0    8    0    7038.28125               -8   0    0    6    7    -16  0    1    8    0    1    0    0
0    8    0    59121.5625               -8   2    0    4    7    -16  0    1    8    0    1    0    0
0    8    0    73901.953125             -8   2    0    6    7    -16  0    1    8    0    1    0    0
0    8    0    73901.953125             -8   4    0    4    7    -16  0    1    8    0    1    0    0
0    8    0    92377.44140625           -8   4    0    6    7    -16  0    1    8    0    1    0    0
0    8    0    12316.9921875            -8   6    0    4    7    -16  0    1    8    0    1    0    0
0    8    0    15396.240234375          -8   6    0    6    7    -16  0    1    8    0    1    0    0
0    8    0    -14076.5625              -8   0    0    6    9    -16  0    1    8    0    1    0    0
0    8    0    -147803.90625            -8   2    0    6    9    -16  0    1    8    0    1    0    0
0    8    0    -184754.8828125          -8   4    0    6    9    -16  0    1    8    0    1    0    0
0    8    0    -30792.48046875          -8   6    0    6    9    -16  0    1    8    0    1    0    0
0    8    0    15.396240234375          -8   6    0    4    5    -16  0    1    8    0    5    -6   0
0    8    0    15.396240234375          -8   6    0    6    5    -16  0    1    8    0    5    -6   0
0    8    0    -30.79248046875          -8   6    0    4    7    -16  0    1    8    0    5    -6   0
0    8    0    -118.77099609375         -8   6    0    6    7    -16  0    1    8    0    5    -6   0
0    8    0    -65.98388671875          -8   6    0    8    7    -16  0    1    8    0    5    -6   0
0    8    0    175.95703125             -8   6    0    6    9    -16  0    1    8    0    5    -6   0
0    8    0    131.9677734375           -8   6    0    8    9    -16  0    1    8    0    5    -6   0
0    8    0    15.396240234375          -8   6    0    4    5    -16  0    1    8    0    7    -6   0
0    8    0    -15.396240234375         -8   6    0    6    5    -16  0    1    8    0    7    -6   0
0    8    0    -30.79248046875          -8   6    0    4    7    -16  0    1    8    0    7    -6   0
0    8    0    -57.18603515625          -8   6    0    6    7    -16  0    1    8    0    7    -6   0
0    8    0    65.98388671875           -8   6    0    8    7    -16  0    1    8    0    7    -6   0
0    8    0    175.95703125             -8   6    0    6    9    -16  0    1    8    0    7    -6   0
0    8    0    -131.9677734375          -8   6    0    8    9    -16  0    1    8    0    7    -6   0
0    8    0    118.4326171875           -8   4    0    2    3    -16  0    1    8    0    3    -4   0
0    8    0    118.4326171875           -8   4    0    4    3    -16  0    1    8    0    3    -4   0
0    8    0    35.52978515625           -8   6    0    2    3    -16  0    1    8    0    3    -4   0
0    8    0    35.52978515625           -8   6    0    4    3    -16  0    1    8    0    3    -4   0
0    8    0    -236.865234375           -8   4    0    2    5    -16  0    1    8    0    3    -4   0
0    8    0    -2084.4140625            -8   4    0    4    5    -16  0    1    8    0    3    -4   0
0    8    0    -1231.69921875           -8   4    0    6    5    -16  0    1    8    0    3    -4   0
0    8    0    -71.0595703125           -8   6    0    2    5    -16  0    1    8    0    3    -4   0
0    8    0    -625.32421875            -8   6    0    4    5    -16  0    1    8    0    3    -4   0
0    8    0    -369.509765625           -8   6    0    6    5    -16  0    1    8    0    3    -4   0
0    8    0    3695.09765625            -8   4    0    4    7    -16  0    1    8    0    3    -4   0
0    8    0    8621.89453125            -8   4    0    6    7    -16  0    1    8    0    3    -4   0
0    8    0    3079.248046875           -8   4    0    8    7    -16  0    1    8    0    3    -4   0
0    8    0    1108.529296875           -8   6    0    4    7    -16  0    1    8    0    3    -4   0
0    8    0    2586.568359375           -8   6    0    6    7    -16  0    1    8    0    3    -4   0
0    8    0    923.7744140625           -8   6    0    8    7    -16  0    1    8    0    3    -4   0
0    8    0    -12316.9921875           -8   4    0    6    9    -16  0    1    8    0    3    -4   0
0    8    0    -6158.49609375           -8   4    0    8    9    -16  0    1    8    0    3    -4   0
0    8    0    -3695.09765625           -8   6    0    6    9    -16  0    1    8    0    3    -4   0
0    8    0    -1847.548828125          -8   6    0    8    9    -16  0    1    8    0    3    -4   0
0    8    0    118.4326171875           -8   4    0    2    3    -16  0    1    8    0    5    -4   0
0    8    0    -118.4326171875          -8   4    0    4    3    -16  0    1    8    0    5    -4   0
0    8    0    35.52978515625           -8   6    0    2    3    -16  0    1    8    0    5    -4   0
0    8    0    -35.52978515625          -8   6    0    4    3    -16  0    1    8    0    5    -4   0
0    8    0    -236.865234375           -8   4    0    2    5    -16  0    1    8    0    5    -4   0
0    8    0    -1610.68359375           -8   4    0    4    5    -16  0    1    8    0    5    -4   0
0    8    0    1231.69921875            -8   4    0    6    5    -16  0    1    8    0    5    -4   0
0    8    0    -71.0595703125           -8   6    0    2    5    -16  0    1    8    0    5    -4   0
0    8    0    -483.205078125           -8   6    0    4    5    -16  0    1    8    0    5    -4   0
0    8    0    369.509765625            -8   6    0    6    5    -16  0    1    8    0    5    -4   0
0    8    0    3695.09765625            -8   4    0    4    7    -16  0    1    8    0    5    -4   0
0    8    0    3695.09765625            -8   4    0    6    7    -16  0    1    8    0    5    -4   0
0    8    0    -3079.248046875          -8   4    0    8    7    -16  0    1    8    0    5    -4   0
0    8    0    1108.529296875           -8   6    0    4    7    -16  0    1    8    0    5    -4   0
0    8    0    1108.529296875           -8   6    0    6    7    -16  0    1    8    0    5    -4   0
0    8    0    -923.7744140625          -8   6    0    8    7    -16  0    1    8    0    5    -4   0
0    8    0    -12316.9921875           -8   4    0    6    9    -16  0    1    8    0    5    -4   0
0    8    0    6158.49609375            -8   4    0    8    9    -16  0    1    8    0    5    -4   0
0    8    0    -3695.09765625           -8   6    0    6    9    -16  0    1    8    0    5    -4   0
0    8    0    1847.548828125           -8   6    0    8    9    -16  0    1    8    0    5    -4   0
0    8    0    25.83984375              -8   2    0    0    1    -16  0    1    8    0    1    -2   0
0    8    0    25.83984375              -8   2    0    2    1    -16  0    1    8    0    1    -2   0
0    8    0    43.06640625              -8   4    0    0    1    -16  0    1    8    0    1    -2   0
0    8    0    43.06640625              -8   4    0    2    1    -16  0    1    8    0    1    -2   0
0    8    0    8.074951171875           -8   6    0    0    1    -16  0    1    8    0    1    -2   0
0    8    0    8.074951171875           -8   6    0    2    1    -16  0    1    8    0    1    -2   0
0    8    0    -51.6796875              -8   2    0    0    3    -16  0    1    8    0    1    -2   0
0    8    0    -1188.6328125            -8   2    0    2    3    -16  0    1    8    0    1    -2   0
0    8    0    -568.4765625             -8   2    0    4    3    -16  0    1    8    0    1    -2   0
0    8    0    -86.1328125              -8   4    0    0    3    -16  0    1    8    0    1    -2   0
0    8    0    -1981.0546875            -8   4    0    2    3    -16  0    1    8    0    1    -2   0
0    8    0    -947.4609375             -8   4    0    4    3    -16  0    1    8    0    1    -2   0
0    8    0    -16.14990234375          -8   6    0    0    3    -16  0    1    8    0    1    -2   0
0    8    0    -371.44775390625         -8   6    0    2    3    -16  0    1    8    0    1    -2   0
0    8    0    -177.64892578125         -8   6    0    4    3    -16  0    1    8    0    1    -2   0
0    8    0    2273.90625               -8   2    0    2    5    -16  0    1    8    0    1    -2   0
0    8    0    12222.24609375           -8   2    0    4    5    -16  0    1    8    0    1    -2   0
0    8    0    3695.09765625            -8   2    0    6    5    -16  0    1    8    0    1    -2   0
0    8    0    3789.84375               -8   4    0    2    5    -16  0    1    8    0    1    -2   0
0    8    0    20370.41015625           -8   4    0    4    5    -16  0    1    8    0    1    -2   0
0    8    0    6158.49609375            -8   4    0    6    5    -16  0    1    8    0    1    -2   0
0    8    0    710.595703125            -8   6    0    2    5    -16  0    1    8    0    1    -2   0
0    8    0    3819.451904296875        -8   6    0    4    5    -16  0    1    8    0    1    -2   0
0    8    0    1154.718017578125        -8   6    0    6    5    -16  0    1    8    0    1    -2   0
0    8    0    -22170.5859375           -8   2    0    4    7    -16  0    1    8    0    1    -2   0
0    8    0    -36950.9765625           -8   2    0    6    7    -16  0    1    8    0    1    -2   0
0    8    0    -7390.1953125            -8   2    0    8    7    -16  0    1    8    0    1    -2   0
0    8    0    -36950.9765625           -8   4    0    4    7    -16  0    1    8    0    1    -2   0
0    8    0    -61584.9609375           -8   4    0    6    7    -16  0    1    8    0    1    -2   0
0    8    0    -12316.9921875           -8   4    0    8    7    -16  0    1    8    0    1    -2   0
0    8    0    -6928.30810546875        -8   6    0    4    7    -16  0    1    8    0    1    -2   0
0    8    0    -11547.18017578125       -8   6    0    6    7    -16  0    1    8    0    1    -2   0
0    8    0    -2309.43603515625        -8   6    0    8    7    -16  0    1    8    0    1    -2   0
0    8    0    59121.5625               -8   2    0    6    9    -16  0    1    8    0    1    -2   0
0    8    0    14780.390625             -8   2    0    8    9    -16  0    1    8    0    1    -2   0
0    8    0    98535.9375               -8   4    0    6    9    -16  0    1    8    0    1    -2   0
0    8    0    24633.984375             -8   4    0    8    9    -16  0    1    8    0    1    -2   0
0    8    0    18475.48828125           -8   6    0    6    9    -16  0    1    8    0    1    -2   0
0    8    0    4618.8720703125          -8   6    0    8    9    -16  0    1    8    0    1    -2   0
0    8    0    25.83984375              -8   2    0    0    1    -16  0    1    8    0    3    -2   0
0    8    0    -25.83984375             -8   2    0    2    1    -16  0    1    8    0    3    -2   0
0    8    0    43.06640625              -8   4    0    0    1    -16  0    1    8    0    3    -2   0
0    8    0    -43.06640625             -8   4    0    2    1    -16  0    1    8    0    3    -2   0
0    8    0    8.074951171875           -8   6    0    0    1    -16  0    1    8    0    3    -2   0
0    8    0    -8.074951171875          -8   6    0    2    1    -16  0    1    8    0    3    -2   0
0    8    0    -51.6796875              -8   2    0    0    3    -16  0    1    8    0    3    -2   0
0    8    0    -1085.2734375            -8   2    0    2    3    -16  0    1    8    0    3    -2   0
0    8    0    568.4765625              -8   2    0    4    3    -16  0    1    8    0    3    -2   0
0    8    0    -86.1328125              -8   4    0    0    3    -16  0    1    8    0    3    -2   0
0    8    0    -1808.7890625            -8   4    0    2    3    -16  0    1    8    0    3    -2   0
0    8    0    947.4609375              -8   4    0    4    3    -16  0    1    8    0    3    -2   0
0    8    0    -16.14990234375          -8   6    0    0    3    -16  0    1    8    0    3    -2   0
0    8    0    -339.14794921875         -8   6    0    2    3    -16  0    1    8    0    3    -2   0
0    8    0    177.64892578125          -8   6    0    4    3    -16  0    1    8    0    3    -2   0
0    8    0    2273.90625               -8   2    0    2    5    -16  0    1    8    0    3    -2   0
0    8    0    9948.33984375            -8   2    0    4    5    -16  0    1    8    0    3    -2   0
0    8    0    -3695.09765625           -8   2    0    6    5    -16  0    1    8    0    3    -2   0
0    8    0    3789.84375               -8   4    0    2    5    -16  0    1    8    0    3    -2   0
0    8    0    16580.56640625           -8   4    0    4    5    -16  0    1    8    0    3    -2   0
0    8    0    -6158.49609375           -8   4    0    6    5    -16  0    1    8    0    3    -2   0
0    8    0    710.595703125            -8   6    0    2    5    -16  0    1    8    0    3    -2   0
0    8    0    3108.856201171875        -8   6    0    4    5    -16  0    1    8    0    3    -2   0
0    8    0    -1154.718017578125       -8   6    0    6    5    -16  0    1    8    0    3    -2   0
0    8    0    -22170.5859375           -8   2    0    4    7    -16  0    1    8    0    3    -2   0
0    8    0    -22170.5859375           -8   2    0    6    7    -16  0    1    8    0    3    -2   0
0    8    0    7390.1953125             -8   2    0    8    7    -16  0    1    8    0    3    -2   0
0    8    0    -36950.9765625           -8   4    0    4    7    -16  0    1    8    0    3    -2   0
0    8    0    -36950.9765625           -8   4    0    6    7    -16  0    1    8    0    3    -2   0
0    8    0    12316.9921875            -8   4    0    8    7    -16  0    1    8    0    3    -2   0
0    8    0    -6928.30810546875        -8   6    0    4    7    -16  0    1    8    0    3    -2   0
0    8    0    -6928.30810546875        -8   6    0    6    7    -16  0    1    8    0    3    -2   0
0    8    0    2309.43603515625         -8   6    0    8    7    -16  0    1    8    0    3    -2   0
0    8    0    59121.5625               -8   2    0    6    9    -16  0    1    8    0    3    -2   0
0    8    0    -14780.390625            -8   2    0    8    9    -16  0    1    8    0    3    -2   0
0    8    0    98535.9375               -8   4    0    6    9    -16  0    1    8    0    3    -2   0
0    8    0    -24633.984375            -8   4    0    8    9    -16  0    1    8    0    3    -2   0
0    8    0    18475.48828125           -8   6    0    6    9    -16  0    1    8    0    3    -2   0
0    8    0    -4618.8720703125         -8   6    0    8    9    -16  0    1    8    0    3    -2   0
0    9    0    -21.99462890625          -9   7    0    5    6    -18  0    1    9    1    6    -7   0
0    9    0    -21.99462890625          -9   7    0    7    6    -18  0    1    9    1    6    -7   0
0    9    0    43.9892578125            -9   7    0    5    8    -18  0    1    9    1    6    -7   0
0    9    0    164.1741943359375        -9   7    0    7    8    -18  0    1    9    1    6    -7   0
0    9    0    93.4771728515625         -9   7    0    9    8    -18  0    1    9    1    6    -7   0
0    9    0    -240.369873046875        -9   7    0    7    10   -18  0    1    9    1    6    -7   0
0    9    0    -186.954345703125        -9   7    0    9    10   -18  0    1    9    1    6    -7   0
0    9    0    -21.99462890625          -9   7    0    5    6    -18  0    1    9    1    8    -7   0
0    9    0    21.99462890625           -9   7    0    7    6    -18  0    1    9    1    8    -7   0
0    9    0    43.9892578125            -9   7    0    5    8    -18  0    1    9    1    8    -7   0
0    9    0    76.1956787109375         -9   7    0    7    8    -18  0    1    9    1    8    -7   0
0    9    0    -93.4771728515625        -9   7    0    9    8    -18  0    1    9    1    8    -7   0
0    9    0    -240.369873046875        -9   7    0    7    10   -18  0    1    9    1    8    -7   0
0    9    0    186.954345703125         -9   7    0    9    10   -18  0    1    9    1    8    -7   0
0    9    0    -307.9248046875          -9   5    0    3    4    -18  0    1    9    1    4    -5   0
0    9    0    -307.9248046875          -9   5    0    5    4    -18  0    1    9    1    4    -5   0
0    9    0    -76.981201171875         -9   7    0    3    4    -18  0    1    9    1    4    -5   0
0    9    0    -76.981201171875         -9   7    0    5    4    -18  0    1    9    1    4    -5   0
0    9    0    615.849609375            -9   5    0    3    6    -18  0    1    9    1    4    -5   0
0    9    0    4926.796875              -9   5    0    5    6    -18  0    1    9    1    4    -5   0
0    9    0    3079.248046875           -9   5    0    7    6    -18  0    1    9    1    4    -5   0
0    9    0    153.96240234375          -9   7    0    3    6    -18  0    1    9    1    4    -5   0
0    9    0    1231.69921875            -9   7    0    5    6    -18  0    1    9    1    4    -5   0
0    9    0    769.81201171875          -9   7    0    7    6    -18  0    1    9    1    4    -5   0
0    9    0    -8621.89453125           -9   5    0    5    8    -18  0    1    9    1    4    -5   0
0    9    0    -19619.208984375         -9   5    0    7    8    -18  0    1    9    1    4    -5   0
0    9    0    -7478.173828125          -9   5    0    9    8    -18  0    1    9    1    4    -5   0
0    9    0    -2155.4736328125         -9   7    0    5    8    -18  0    1    9    1    4    -5   0
0    9    0    -4904.80224609375        -9   7    0    7    8    -18  0    1    9    1    4    -5   0
0    9    0    -1869.54345703125        -9   7    0    9    8    -18  0    1    9    1    4    -5   0
0    9    0    26921.42578125           -9   5    0    7    10   -18  0    1    9    1    4    -5   0
0    9    0    14956.34765625           -9   5    0    9    10   -18  0    1    9    1    4    -5   0
0    9    0    6730.3564453125          -9   7    0    7    10   -18  0    1    9    1    4    -5   0
0    9    0    3739.0869140625          -9   7    0    9    10   -18  0    1    9    1    4    -5   0
0    9    0    -307.9248046875          -9   5    0    3    4    -18  0    1    9    1    6    -5   0
0    9    0    307.9248046875           -9   5    0    5    4    -18  0    1    9    1    6    -5   0
0    9    0    -76.981201171875         -9   7    0    3    4    -18  0    1    9    1    6    -5   0
0    9    0    76.981201171875          -9   7    0    5    4    -18  0    1    9    1    6    -5   0
0    9    0    615.849609375            -9   5    0    3    6    -18  0    1    9    1    6    -5   0
0    9    0    3695.09765625            -9   5    0    5    6    -18  0    1    9    1    6    -5   0
0    9    0    -3079.248046875          -9   5    0    7    6    -18  0    1    9    1    6    -5   0
0    9    0    153.96240234375          -9   7    0    3    6    -18  0    1    9    1    6    -5   0
0    9    0    923.7744140625           -9   7    0    5    6    -18  0    1    9    1    6    -5   0
0    9    0    -769.81201171875         -9   7    0    7    6    -18  0    1    9    1    6    -5   0
0    9    0    -8621.89453125           -9   5    0    5    8    -18  0    1    9    1    6    -5   0
0    9    0    -7302.216796875          -9   5    0    7    8    -18  0    1    9    1    6    -5   0
0    9    0    7478.173828125           -9   5    0    9    8    -18  0    1    9    1    6    -5   0
0    9    0    -2155.4736328125         -9   7    0    5    8    -18  0    1    9    1    6    -5   0
0    9    0    -1825.55419921875        -9   7    0    7    8    -18  0    1    9    1    6    -5   0
0    9    0    1869.54345703125         -9   7    0    9    8    -18  0    1    9    1    6    -5   0
0    9    0    26921.42578125           -9   5    0    7    10   -18  0    1    9    1    6    -5   0
0    9    0    -14956.34765625          -9   5    0    9    10   -18  0    1    9    1    6    -5   0
0    9    0    6730.3564453125          -9   7    0    7    10   -18  0    1    9    1    6    -5   0
0    9    0    -3739.0869140625         -9   7    0    9    10   -18  0    1    9    1    6    -5   0
0    9    0    -189.4921875             -9   3    0    1    2    -18  0    1    9    1    2    -3   0
0    9    0    -189.4921875             -9   3    0    3    2    -18  0    1    9    1    2    -3   0
0    9    0    -236.865234375           -9   5    0    1    2    -18  0    1    9    1    2    -3   0
0    9    0    -236.865234375           -9   5    0    3    2    -18  0    1    9    1    2    -3   0
0    9    0    -35.52978515625          -9   7    0    1    2    -18  0    1    9    1    2    -3   0
0    9    0    -35.52978515625          -9   7    0    3    2    -18  0    1    9    1    2    -3   0
0    9    0    378.984375               -9   3    0    1    4    -18  0    1    9    1    2    -3   0
0    9    0    6537.48046875            -9   3    0    3    4    -18  0    1    9    1    2    -3   0
0    9    0    3695.09765625            -9   3    0    5    4    -18  0    1    9    1    2    -3   0
0    9    0    473.73046875             -9   5    0    1    4    -18  0    1    9    1    2    -3   0
0    9    0    8171.8505859375          -9   5    0    3    4    -18  0    1    9    1    2    -3   0
0    9    0    4618.8720703125          -9   5    0    5    4    -18  0    1    9    1    2    -3   0
0    9    0    71.0595703125            -9   7    0    1    4    -18  0    1    9    1    2    -3   0
0    9    0    1225.777587890625        -9   7    0    3    4    -18  0    1    9    1    2    -3   0
0    9    0    692.830810546875         -9   7    0    5    4    -18  0    1    9    1    2    -3   0
0    9    0    -12316.9921875           -9   3    0    3    6    -18  0    1    9    1    2    -3   0
0    9    0    -59121.5625              -9   3    0    5    6    -18  0    1    9    1    2    -3   0
0    9    0    -22170.5859375           -9   3    0    7    6    -18  0    1    9    1    2    -3   0
0    9    0    -15396.240234375         -9   5    0    3    6    -18  0    1    9    1    2    -3   0
0    9    0    -73901.953125            -9   5    0    5    6    -18  0    1    9    1    2    -3   0
0    9    0    -27713.232421875         -9   5    0    7    6    -18  0    1    9    1    2    -3   0
0    9    0    -2309.43603515625        -9   7    0    3    6    -18  0    1    9    1    2    -3   0
0    9    0    -11085.29296875          -9   7    0    5    6    -18  0    1    9    1    2    -3   0
0    9    0    -4156.98486328125        -9   7    0    7    6    -18  0    1    9    1    2    -3   0
0    9    0    103462.734375            -9   3    0    5    8    -18  0    1    9    1    2    -3   0
0    9    0    169974.4921875           -9   3    0    7    8    -18  0    1    9    1    2    -3   0
0    9    0    41877.7734375            -9   3    0    9    8    -18  0    1    9    1    2    -3   0
0    9    0    129328.41796875          -9   5    0    5    8    -18  0    1    9    1    2    -3   0
0    9    0    212468.115234375         -9   5    0    7    8    -18  0    1    9    1    2    -3   0
0    9    0    52347.216796875          -9   5    0    9    8    -18  0    1    9    1    2    -3   0
0    9    0    19399.2626953125         -9   7    0    5    8    -18  0    1    9    1    2    -3   0
0    9    0    31870.21728515625        -9   7    0    7    8    -18  0    1    9    1    2    -3   0
0    9    0    7852.08251953125         -9   7    0    9    8    -18  0    1    9    1    2    -3   0
0    9    0    -251266.640625           -9   3    0    7    10   -18  0    1    9    1    2    -3   0
0    9    0    -83755.546875            -9   3    0    9    10   -18  0    1    9    1    2    -3   0
0    9    0    -314083.30078125         -9   5    0    7    10   -18  0    1    9    1    2    -3   0
0    9    0    -104694.43359375         -9   5    0    9    10   -18  0    1    9    1    2    -3   0
0    9    0    -47112.4951171875        -9   7    0    7    10   -18  0    1    9    1    2    -3   0
0    9    0    -15704.1650390625        -9   7    0    9    10   -18  0    1    9    1    2    -3   0
0    9    0    -189.4921875             -9   3    0    1    2    -18  0    1    9    1    4    -3   0
0    9    0    189.4921875              -9   3    0    3    2    -18  0    1    9    1    4    -3   0
0    9    0    -236.865234375           -9   5    0    1    2    -18  0    1    9    1    4    -3   0
0    9    0    236.865234375            -9   5    0    3    2    -18  0    1    9    1    4    -3   0
0    9    0    -35.52978515625          -9   7    0    1    2    -18  0    1    9    1    4    -3   0
0    9    0    35.52978515625           -9   7    0    3    2    -18  0    1    9    1    4    -3   0
0    9    0    378.984375               -9   3    0    1    4    -18  0    1    9    1    4    -3   0
0    9    0    5779.51171875            -9   3    0    3    4    -18  0    1    9    1    4    -3   0
0    9    0    -3695.09765625           -9   3    0    5    4    -18  0    1    9    1    4    -3   0
0    9    0    473.73046875             -9   5    0    1    4    -18  0    1    9    1    4    -3   0
0    9    0    7224.3896484375          -9   5    0    3    4    -18  0    1    9    1    4    -3   0
0    9    0    -4618.8720703125         -9   5    0    5    4    -18  0    1    9    1    4    -3   0
0    9    0    71.0595703125            -9   7    0    1    4    -18  0    1    9    1    4    -3   0
0    9    0    1083.658447265625        -9   7    0    3    4    -18  0    1    9    1    4    -3   0
0    9    0    -692.830810546875        -9   7    0    5    4    -18  0    1    9    1    4    -3   0
0    9    0    -12316.9921875           -9   3    0    3    6    -18  0    1    9    1    4    -3   0
0    9    0    -44341.171875            -9   3    0    5    6    -18  0    1    9    1    4    -3   0
0    9    0    22170.5859375            -9   3    0    7    6    -18  0    1    9    1    4    -3   0
0    9    0    -15396.240234375         -9   5    0    3    6    -18  0    1    9    1    4    -3   0
0    9    0    -55426.46484375          -9   5    0    5    6    -18  0    1    9    1    4    -3   0
0    9    0    27713.232421875          -9   5    0    7    6    -18  0    1    9    1    4    -3   0
0    9    0    -2309.43603515625        -9   7    0    3    6    -18  0    1    9    1    4    -3   0
0    9    0    -8313.9697265625         -9   7    0    5    6    -18  0    1    9    1    4    -3   0
0    9    0    4156.98486328125         -9   7    0    7    6    -18  0    1    9    1    4    -3   0
0    9    0    103462.734375            -9   3    0    5    8    -18  0    1    9    1    4    -3   0
0    9    0    81292.1484375            -9   3    0    7    8    -18  0    1    9    1    4    -3   0
0    9    0    -41877.7734375           -9   3    0    9    8    -18  0    1    9    1    4    -3   0
0    9    0    129328.41796875          -9   5    0    5    8    -18  0    1    9    1    4    -3   0
0    9    0    101615.185546875         -9   5    0    7    8    -18  0    1    9    1    4    -3   0
0    9    0    -52347.216796875         -9   5    0    9    8    -18  0    1    9    1    4    -3   0
0    9    0    19399.2626953125         -9   7    0    5    8    -18  0    1    9    1    4    -3   0
0    9    0    15242.27783203125        -9   7    0    7    8    -18  0    1    9    1    4    -3   0
0    9    0    -7852.08251953125        -9   7    0    9    8    -18  0    1    9    1    4    -3   0
0    9    0    -251266.640625           -9   3    0    7    10   -18  0    1    9    1    4    -3   0
0    9    0    83755.546875             -9   3    0    9    10   -18  0    1    9    1    4    -3   0
0    9    0    -314083.30078125         -9   5    0    7    10   -18  0    1    9    1    4    -3   0
0    9    0    104694.43359375          -9   5    0    9    10   -18  0    1    9    1    4    -3   0
0    9    0    -47112.4951171875        -9   7    0    7    10   -18  0    1    9    1    4    -3   0
0    9    0    15704.1650390625         -9   7    0    9    10   -18  0    1    9    1    4    -3   0
0    9    0    -2.4609375               -9   1    0    -1   0    -18  0    1    9    1    2    -1   0
0    9    0    2.4609375                -9   1    0    1    0    -18  0    1    9    1    2    -1   0
0    9    0    -12.919921875            -9   3    0    -1   0    -18  0    1    9    1    2    -1   0
0    9    0    12.919921875             -9   3    0    1    0    -18  0    1    9    1    2    -1   0
0    9    0    -10.7666015625           -9   5    0    -1   0    -18  0    1    9    1    2    -1   0
0    9    0    10.7666015625            -9   5    0    1    0    -18  0    1    9    1    2    -1   0
0    9    0    -1.3458251953125         -9   7    0    -1   0    -18  0    1    9    1    2    -1   0
0    9    0    1.3458251953125          -9   7    0    1    0    -18  0    1    9    1    2    -1   0
0    9    0    4.921875                 -9   1    0    -1   2    -18  0    1    9    1    2    -1   0
0    9    0    319.921875               -9   1    0    1    2    -18  0    1    9    1    2    -1   0
0    9    0    -108.28125               -9   1    0    3    2    -18  0    1    9    1    2    -1   0
0    9    0    25.83984375              -9   3    0    -1   2    -18  0    1    9    1    2    -1   0
0    9    0    1679.58984375            -9   3    0    1    2    -18  0    1    9    1    2    -1   0
0    9    0    -568.4765625             -9   3    0    3    2    -18  0    1    9    1    2    -1   0
0    9    0    21.533203125             -9   5    0    -1   2    -18  0    1    9    1    2    -1   0
0    9    0    1399.658203125           -9   5    0    1    2    -18  0    1    9    1    2    -1   0
0    9    0    -473.73046875            -9   5    0    3    2    -18  0    1    9    1    2    -1   0
0    9    0    2.691650390625           -9   7    0    -1   2    -18  0    1    9    1    2    -1   0
0    9    0    174.957275390625         -9   7    0    1    2    -18  0    1    9    1    2    -1   0
0    9    0    -59.21630859375          -9   7    0    3    2    -18  0    1    9    1    2    -1   0
0    9    0    -649.6875                -9   1    0    1    4    -18  0    1    9    1    2    -1   0
0    9    0    -6821.71875              -9   1    0    3    4    -18  0    1    9    1    2    -1   0
0    9    0    1407.65625               -9   1    0    5    4    -18  0    1    9    1    2    -1   0
0    9    0    -3410.859375             -9   3    0    1    4    -18  0    1    9    1    2    -1   0
0    9    0    -35814.0234375           -9   3    0    3    4    -18  0    1    9    1    2    -1   0
0    9    0    7390.1953125             -9   3    0    5    4    -18  0    1    9    1    2    -1   0
0    9    0    -2842.3828125            -9   5    0    1    4    -18  0    1    9    1    2    -1   0
0    9    0    -29845.01953125          -9   5    0    3    4    -18  0    1    9    1    2    -1   0
0    9    0    6158.49609375            -9   5    0    5    4    -18  0    1    9    1    2    -1   0
0    9    0    -355.2978515625          -9   7    0    1    4    -18  0    1    9    1    2    -1   0
0    9    0    -3730.62744140625        -9   7    0    3    4    -18  0    1    9    1    2    -1   0
0    9    0    769.81201171875          -9   7    0    5    4    -18  0    1    9    1    2    -1   0
0    9    0    14076.5625               -9   1    0    3    6    -18  0    1    9    1    2    -1   0
0    9    0    46452.65625              -9   1    0    5    6    -18  0    1    9    1    2    -1   0
0    9    0    -7038.28125              -9   1    0    7    6    -18  0    1    9    1    2    -1   0
0    9    0    73901.953125             -9   3    0    3    6    -18  0    1    9    1    2    -1   0
0    9    0    243876.4453125           -9   3    0    5    6    -18  0    1    9    1    2    -1   0
0    9    0    -36950.9765625           -9   3    0    7    6    -18  0    1    9    1    2    -1   0
0    9    0    61584.9609375            -9   5    0    3    6    -18  0    1    9    1    2    -1   0
0    9    0    203230.37109375          -9   5    0    5    6    -18  0    1    9    1    2    -1   0
0    9    0    -30792.48046875          -9   5    0    7    6    -18  0    1    9    1    2    -1   0
0    9    0    7698.1201171875          -9   7    0    3    6    -18  0    1    9    1    2    -1   0
0    9    0    25403.79638671875        -9   7    0    5    6    -18  0    1    9    1    2    -1   0
0    9    0    -3849.06005859375        -9   7    0    7    6    -18  0    1    9    1    2    -1   0
0    9    0    -98535.9375              -9   1    0    5    8    -18  0    1    9    1    2    -1   0
0    9    0    -93609.140625            -9   1    0    7    8    -18  0    1    9    1    2    -1   0
0    9    0    11965.078125             -9   1    0    9    8    -18  0    1    9    1    2    -1   0
0    9    0    -517313.671875           -9   3    0    5    8    -18  0    1    9    1    2    -1   0
0    9    0    -491447.98828125         -9   3    0    7    8    -18  0    1    9    1    2    -1   0
0    9    0    62816.66015625           -9   3    0    9    8    -18  0    1    9    1    2    -1   0
0    9    0    -431094.7265625          -9   5    0    5    8    -18  0    1    9    1    2    -1   0
0    9    0    -409539.990234375        -9   5    0    7    8    -18  0    1    9    1    2    -1   0
0    9    0    52347.216796875          -9   5    0    9    8    -18  0    1    9    1    2    -1   0
0    9    0    -53886.8408203125        -9   7    0    5    8    -18  0    1    9    1    2    -1   0
0    9    0    -51192.498779296875      -9   7    0    7    8    -18  0    1    9    1    2    -1   0
0    9    0    6543.402099609375        -9   7    0    9    8    -18  0    1    9    1    2    -1   0
0    9    0    215371.40625             -9   1    0    7    10   -18  0    1    9    1    2    -1   0
0    9    0    -23930.15625             -9   1    0    9    10   -18  0    1    9    1    2    -1   0
0    9    0    1.1306998828125e6        -9   3    0    7    10   -18  0    1    9    1    2    -1   0
0    9    0    -125633.3203125          -9   3    0    9    10   -18  0    1    9    1    2    -1   0
0    9    0    942249.90234375          -9   5    0    7    10   -18  0    1    9    1    2    -1   0
0    9    0    -104694.43359375         -9   5    0    9    10   -18  0    1    9    1    2    -1   0
0    9    0    117781.23779296875       -9   7    0    7    10   -18  0    1    9    1    2    -1   0
0    9    0    -13086.80419921875       -9   7    0    9    10   -18  0    1    9    1    2    -1   0
0    9    0    2.4609375                -9   1    0    -1   0    -18  0    1    9    1    0    1    0
0    9    0    2.4609375                -9   1    0    1    0    -18  0    1    9    1    0    1    0
0    9    0    12.919921875             -9   3    0    -1   0    -18  0    1    9    1    0    1    0
0    9    0    12.919921875             -9   3    0    1    0    -18  0    1    9    1    0    1    0
0    9    0    10.7666015625            -9   5    0    -1   0    -18  0    1    9    1    0    1    0
0    9    0    10.7666015625            -9   5    0    1    0    -18  0    1    9    1    0    1    0
0    9    0    1.3458251953125          -9   7    0    -1   0    -18  0    1    9    1    0    1    0
0    9    0    1.3458251953125          -9   7    0    1    0    -18  0    1    9    1    0    1    0
0    9    0    -4.921875                -9   1    0    -1   2    -18  0    1    9    1    0    1    0
0    9    0    -329.765625              -9   1    0    1    2    -18  0    1    9    1    0    1    0
0    9    0    -108.28125               -9   1    0    3    2    -18  0    1    9    1    0    1    0
0    9    0    -25.83984375             -9   3    0    -1   2    -18  0    1    9    1    0    1    0
0    9    0    -1731.26953125           -9   3    0    1    2    -18  0    1    9    1    0    1    0
0    9    0    -568.4765625             -9   3    0    3    2    -18  0    1    9    1    0    1    0
0    9    0    -21.533203125            -9   5    0    -1   2    -18  0    1    9    1    0    1    0
0    9    0    -1442.724609375          -9   5    0    1    2    -18  0    1    9    1    0    1    0
0    9    0    -473.73046875            -9   5    0    3    2    -18  0    1    9    1    0    1    0
0    9    0    -2.691650390625          -9   7    0    -1   2    -18  0    1    9    1    0    1    0
0    9    0    -180.340576171875        -9   7    0    1    2    -18  0    1    9    1    0    1    0
0    9    0    -59.21630859375          -9   7    0    3    2    -18  0    1    9    1    0    1    0
0    9    0    649.6875                 -9   1    0    1    4    -18  0    1    9    1    0    1    0
0    9    0    7254.84375               -9   1    0    3    4    -18  0    1    9    1    0    1    0
0    9    0    1407.65625               -9   1    0    5    4    -18  0    1    9    1    0    1    0
0    9    0    3410.859375              -9   3    0    1    4    -18  0    1    9    1    0    1    0
0    9    0    38087.9296875            -9   3    0    3    4    -18  0    1    9    1    0    1    0
0    9    0    7390.1953125             -9   3    0    5    4    -18  0    1    9    1    0    1    0
0    9    0    2842.3828125             -9   5    0    1    4    -18  0    1    9    1    0    1    0
0    9    0    31739.94140625           -9   5    0    3    4    -18  0    1    9    1    0    1    0
0    9    0    6158.49609375            -9   5    0    5    4    -18  0    1    9    1    0    1    0
0    9    0    355.2978515625           -9   7    0    1    4    -18  0    1    9    1    0    1    0
0    9    0    3967.49267578125         -9   7    0    3    4    -18  0    1    9    1    0    1    0
0    9    0    769.81201171875          -9   7    0    5    4    -18  0    1    9    1    0    1    0
0    9    0    -14076.5625              -9   1    0    3    6    -18  0    1    9    1    0    1    0
0    9    0    -52083.28125             -9   1    0    5    6    -18  0    1    9    1    0    1    0
0    9    0    -7038.28125              -9   1    0    7    6    -18  0    1    9    1    0    1    0
0    9    0    -73901.953125            -9   3    0    3    6    -18  0    1    9    1    0    1    0
0    9    0    -273437.2265625          -9   3    0    5    6    -18  0    1    9    1    0    1    0
0    9    0    -36950.9765625           -9   3    0    7    6    -18  0    1    9    1    0    1    0
0    9    0    -61584.9609375           -9   5    0    3    6    -18  0    1    9    1    0    1    0
0    9    0    -227864.35546875         -9   5    0    5    6    -18  0    1    9    1    0    1    0
0    9    0    -30792.48046875          -9   5    0    7    6    -18  0    1    9    1    0    1    0
0    9    0    -7698.1201171875         -9   7    0    3    6    -18  0    1    9    1    0    1    0
0    9    0    -28483.04443359375       -9   7    0    5    6    -18  0    1    9    1    0    1    0
0    9    0    -3849.06005859375        -9   7    0    7    6    -18  0    1    9    1    0    1    0
0    9    0    98535.9375               -9   1    0    5    8    -18  0    1    9    1    0    1    0
0    9    0    121762.265625            -9   1    0    7    8    -18  0    1    9    1    0    1    0
0    9    0    11965.078125             -9   1    0    9    8    -18  0    1    9    1    0    1    0
0    9    0    517313.671875            -9   3    0    5    8    -18  0    1    9    1    0    1    0
0    9    0    639251.89453125          -9   3    0    7    8    -18  0    1    9    1    0    1    0
0    9    0    62816.66015625           -9   3    0    9    8    -18  0    1    9    1    0    1    0
0    9    0    431094.7265625           -9   5    0    5    8    -18  0    1    9    1    0    1    0
0    9    0    532709.912109375         -9   5    0    7    8    -18  0    1    9    1    0    1    0
0    9    0    52347.216796875          -9   5    0    9    8    -18  0    1    9    1    0    1    0
0    9    0    53886.8408203125         -9   7    0    5    8    -18  0    1    9    1    0    1    0
0    9    0    66588.73901367188        -9   7    0    7    8    -18  0    1    9    1    0    1    0
0    9    0    6543.402099609375        -9   7    0    9    8    -18  0    1    9    1    0    1    0
0    9    0    -215371.40625            -9   1    0    7    10   -18  0    1    9    1    0    1    0
0    9    0    -23930.15625             -9   1    0    9    10   -18  0    1    9    1    0    1    0
0    9    0    -1.1306998828125e6       -9   3    0    7    10   -18  0    1    9    1    0    1    0
0    9    0    -125633.3203125          -9   3    0    9    10   -18  0    1    9    1    0    1    0
0    9    0    -942249.90234375         -9   5    0    7    10   -18  0    1    9    1    0    1    0
0    9    0    -104694.43359375         -9   5    0    9    10   -18  0    1    9    1    0    1    0
0    9    0    -117781.23779296875      -9   7    0    7    10   -18  0    1    9    1    0    1    0
0    9    0    -13086.80419921875       -9   7    0    9    10   -18  0    1    9    1    0    1    0
